2.0000E+00   0.0000E+00   0.0000E+00   0.0000E+00   0.0000E+00   0.0000E+00   -2.0000E+00  0.0000E+00   0.0000E+00   0.0000E+00   0.0000E+00   0.0000E+00  
0.0000E+00   1.2000E+01   0.0000E+00   0.0000E+00   0.0000E+00   6.0000E+00   0.0000E+00   -1.2000E+01  0.0000E+00   0.0000E+00   0.0000E+00   6.0000E+00  
0.0000E+00   0.0000E+00   0.0000E+00   0.0000E+00   0.0000E+00   0.0000E+00   0.0000E+00   0.0000E+00   0.0000E+00   0.0000E+00   0.0000E+00   0.0000E+00  
0.0000E+00   0.0000E+00   0.0000E+00   2.0000E-01   0.0000E+00   0.0000E+00   0.0000E+00   0.0000E+00   0.0000E+00   -2.0000E-01  0.0000E+00   0.0000E+00  
0.0000E+00   0.0000E+00   0.0000E+00   0.0000E+00   0.0000E+00   0.0000E+00   0.0000E+00   0.0000E+00   0.0000E+00   0.0000E+00   0.0000E+00   0.0000E+00  
0.0000E+00   6.0000E+00   0.0000E+00   0.0000E+00   0.0000E+00   4.0000E+00   0.0000E+00   -6.0000E+00  0.0000E+00   0.0000E+00   0.0000E+00   2.0000E+00  
-2.0000E+00  0.0000E+00   0.0000E+00   0.0000E+00   0.0000E+00   0.0000E+00   2.0000E+00   0.0000E+00   0.0000E+00   0.0000E+00   0.0000E+00   0.0000E+00  
0.0000E+00   -1.2000E+01  0.0000E+00   0.0000E+00   0.0000E+00   -6.0000E+00  0.0000E+00   1.2000E+01   0.0000E+00   0.0000E+00   0.0000E+00   -6.0000E+00 
0.0000E+00   0.0000E+00   0.0000E+00   0.0000E+00   0.0000E+00   0.0000E+00   0.0000E+00   0.0000E+00   0.0000E+00   0.0000E+00   0.0000E+00   0.0000E+00  
0.0000E+00   0.0000E+00   0.0000E+00   -2.0000E-01  0.0000E+00   0.0000E+00   0.0000E+00   0.0000E+00   0.0000E+00   8.0000E-01   0.0000E+00   0.0000E+00  
0.0000E+00   0.0000E+00   0.0000E+00   0.0000E+00   0.0000E+00   0.0000E+00   0.0000E+00   0.0000E+00   0.0000E+00   0.0000E+00   0.0000E+00   0.0000E+00  
0.0000E+00   6.0000E+00   0.0000E+00   0.0000E+00   0.0000E+00   2.0000E+00   0.0000E+00   -6.0000E+00  0.0000E+00   0.0000E+00   0.0000E+00   4.0000E+00  

1.0000E+20   0.0000E+00   0.0000E+00   0.0000E+00   0.0000E+00   0.0000E+00   -2.0000E+00  0.0000E+00   0.0000E+00   0.0000E+00   0.0000E+00   0.0000E+00  
0.0000E+00   1.0000E+20   0.0000E+00   0.0000E+00   0.0000E+00   6.0000E+00   0.0000E+00   -1.2000E+01  0.0000E+00   0.0000E+00   0.0000E+00   6.0000E+00  
0.0000E+00   0.0000E+00   1.0000E+20   0.0000E+00   0.0000E+00   0.0000E+00   0.0000E+00   0.0000E+00   0.0000E+00   0.0000E+00   0.0000E+00   0.0000E+00  
0.0000E+00   0.0000E+00   0.0000E+00   1.0000E+20   0.0000E+00   0.0000E+00   0.0000E+00   0.0000E+00   0.0000E+00   -2.0000E-01  0.0000E+00   0.0000E+00  
0.0000E+00   0.0000E+00   0.0000E+00   0.0000E+00   1.0000E+20   0.0000E+00   0.0000E+00   0.0000E+00   0.0000E+00   0.0000E+00   0.0000E+00   0.0000E+00  
0.0000E+00   6.0000E+00   0.0000E+00   0.0000E+00   0.0000E+00   1.0000E+20   0.0000E+00   -6.0000E+00  0.0000E+00   0.0000E+00   0.0000E+00   2.0000E+00  
-2.0000E+00  0.0000E+00   0.0000E+00   0.0000E+00   0.0000E+00   0.0000E+00   2.0000E+00   0.0000E+00   0.0000E+00   0.0000E+00   0.0000E+00   0.0000E+00  
0.0000E+00   -1.2000E+01  0.0000E+00   0.0000E+00   0.0000E+00   -6.0000E+00  0.0000E+00   1.2000E+01   0.0000E+00   0.0000E+00   0.0000E+00   -6.0000E+00 
0.0000E+00   0.0000E+00   0.0000E+00   0.0000E+00   0.0000E+00   0.0000E+00   0.0000E+00   0.0000E+00   1.0000E+20   0.0000E+00   0.0000E+00   0.0000E+00  
0.0000E+00   0.0000E+00   0.0000E+00   -2.0000E-01  0.0000E+00   0.0000E+00   0.0000E+00   0.0000E+00   0.0000E+00   8.0000E-01   0.0000E+00   0.0000E+00  
0.0000E+00   0.0000E+00   0.0000E+00   0.0000E+00   0.0000E+00   0.0000E+00   0.0000E+00   0.0000E+00   0.0000E+00   0.0000E+00   1.0000E+20   0.0000E+00  
0.0000E+00   6.0000E+00   0.0000E+00   0.0000E+00   0.0000E+00   2.0000E+00   0.0000E+00   -6.0000E+00  0.0000E+00   0.0000E+00   0.0000E+00   4.0000E+00  
